#2018-02-23
 002010401
 002010402
 002010403
 001010404
 001010405
 002010801
 003010802
 003010803
 002010804
 002010805
 001010806
 001010807
 003010808
 001010810
 003010821
 002010809
 002010822
 002010501
 003010502
 001010503
 001010504
 001010505
 001010508
 001016401
 001016402
 001016404
 001016410
 001058501
 001058502
 002050501
 002050502
 001050503
 001010601
 001010602
 001010603
 001010604
 001010605
 001010606
 001010607
 001010608
 002066401
 003066402
 001066403
 001066404
 001066405
 002010901
 002010902
 001010903
 001010904
 001010905
 001010906
 001010907
 001010910
 001010911
 001010912
 002010913
 002010914
 001010915
 001010916
 001010920
 001010921
 001066501
 001066502
 014004701
 014004703
 003066001
 001066002
 002066003
 001066004
 001010701
 001010702
 001010703
 001010704
 001010705
 001010706
 001010707
 001010711
 001010712
 001010713
 001073001
 001073003
 002073002
 002060201
 002060202
 002060203
 001060204
 003060205
 001060206
 001075005
 002075003
 002015701
 002015702
 001015703
 001063101
 003063102
 001063103
 001063104
 003016701
 001016702
 001016703
 001016704
 003082001
 001082002
 001082003
 001082004
 001082005
 002015801
 001015802
 001015803
 001044501
 004081901
 002057201
 002057202
 001057203
 001057204
 001057205
 001057206
 001057207
 001057208
 001055101
 003055102
 002066301
 002066302
 002066303
 002066304
 002066305
 001066306
 001066310
 002066201
 003066202
 001066203
 001066204
 002091101
 002091102
 001091103
 001091104
 001091105
 001091106
 002061201
 001061202
 002061203
 001061204
 001012001
 001012004
 003012006
 001012007
 003012008
 002012014
 002012015
 002012016
 002012017
 002012018
 002012019
 002012020
 002012021
 002012023
 002012024
 002012025
 001012027
 001012028
 003012029
 001012030
 002012031
 002012032
 002012034
 002012035
 001012042
 001012043
 001012044
 001012045
 001012046
 001012047
 001012048
 001012049
 001012050
 001012051
 001012052
 001012053
 001012054
 001012055
 001012056
 002012057
 001012058
 002012059
 002012060
 001012061
 002012062
 001012063
 002012064
 001012065
 001012066
 002012067
 003012068
 002012069
 002012070
 002012071
 002012072
 001012073
 001012074
 001012075
 001012076
 001012077
 002012079
 001012080
 002012081
 003012082
 002012083
 002012084
 001012085
 002012086
 001012087
 002012088
 001012089
 002012090
 001012093
 001012094
 001012095
 002012097
 001012098
 001012099
 002012005
 003012009
 004012010
 003012011
 003012012
 002012036
 003012037
 002012038
 003012039
 002012040
 004012041
 004012013
 003012022
 001012078
 001012096
 002014402
 002014406
 002014409
 002014411
 002014414
 002014417
 002014420
 002014423
 002014431
 002014434
 002014436
 002014438
 002014441
 002014444
 002014447
 002014491
 001014492
 001012102
 001012103
 002012105
 002012107
 002012108
 001012109
 002012110
 002012111
 002012112
 002012113
 002012114
 002012115
 001012116
 002012117
 001012118
 003012119
 002012120
 002012121
 001012122
 003012123
 001012124
 002012125
 003012127
 002012128
 002012129
 002012130
 002012131
 001012132
 002012133
 002012134
 002012135
 003012104
 002012126
 001012301
 002012302
 002012303
 002012304
 002012305
 002012306
 002012307
 002012308
 001012309
 002012310
 002012313
 002012314
 002012315
 002012316
 002012317
 002012318
 002012319
 001012320
 002012321
 002012322
 001012311
 002012401
 002012403
 002012404
 002012405
 002012406
 002012407
 002012408
 002012409
 002012410
 002012412
 002012413
 002012414
 001012402
 001012411
 002012501
 001012502
 002012503
 002012504
 002012505
 002012506
 002012507
 002012508
 002012509
 002012511
 002012514
 002012515
 002012516
 002012517
 002012519
 002012520
 002012521
 002012522
 002012601
 002012602
 002012603
 002012605
 002012606
 002012607
 002012608
 002012609
 002012610
 002012611
 001012612
 002012613
 002012614
 001012616
 002012617
 002012618
 002012619
 002012621
 001012604
 001012701
 001012702
 001012704
 001012705
 001012706
 002012707
 002012708
 002012709
 002012710
 002012711
 001012712
 001012801
 002012802
 002012803
 001012804
 002012805
 002012806
 002012807
 002012808
 001012809
 001012810
 002012811
 001012812
 002012813
 002012814
 002012815
 001012816
 002012817
 002012818
 001012819
 002012820
 002012821
 002012822
 002012823
 002012824
 001012825
 001012826
 001012828
 001012829
 002012831
 001012832
 001012834
 002012835
 002012837
 001013001
 001013002
 001013003
 001013004
 001013005
 001013006
 001013007
 002013008
 001013009
 001013010
 002013011
 003013012
 002013013
 002013014
 001013015
 002013016
 002013017
 003013019
 001013020
 002013021
 002013022
 001013023
 002013024
 001013025
 002013026
 001013027
 002013028
 001013029
 002013030
 001013031
 002013032
 001013033
 001013034
 001013035
 002013036
 001013037
 001013038
 001013039
 002013040
 001013041
 002013042
 001013043
 002013044
 001013045
 001013046
 001013047
 002013048
 001013049
 002013050
 001013052
 001013053
 002013054
 002013055
 002013056
 002013058
 001013060
 001013062
 001013063
 002013065
 001013066
 001013067
 001013068
 001013070
 002013071
 001013072
 002013075
 002013076
 001013084
 002013085
 003013061
 004013051
 003013057
 002013059
 001013203
 001013204
 001013205
 001013206
 001013207
 001013208
 001013209
 001013210
 001013211
 001013212
 001013213
 001013214
 001013215
 001013216
 001013217
 001013219
 001013220
 001013222
 001013223
 001013224
 001013225
 001013226
 001013227
 001013228
 001013229
 001013230
 001013231
 001013232
 001013233
 001013234
 001013235
 001013236
 001013237
 001013238
 001013239
 001013101
 002013102
 001013103
 002013104
 001013105
 002013106
 003013108
 001013109
 002013110
 001013111
 002013112
 001013113
 001013114
 002013115
 001013116
 001013117
 002013118
 001013119
 002013120
 003013122
 002013121
 001013901
 001013902
 002013903
 001013904
 001013905
 002013906
 001013907
 002013908
 001013909
 002013910
 001013911
 002013912
 001013913
 001013914
 002013915
 001013916
 002013917
 001013918
 002013919
 001013920
 001013921
 001013922
 002013924
 001013925
 002013926
 002013927
 002013928
 001013929
 002013930
 001013931
 002013932
 002013933
 002013934
 001013936
 001013301
 001013302
 002013303
 001013304
 002013305
 002013306
 002013307
 001013308
 002013309
 001013310
 002013311
 001013312
 002013313
 001013314
 002013315
 001013319
 001013320
 002013321
 001013322
 002013323
 002013324
 002013325
 001013326
 002013327
 001013328
 002013329
 001013330
 002013331
 001013332
 002013333
 001013401
 001013402
 003013403
 003013404
 002013405
 002013406
 001013407
 003013408
 003013409
 002013410
 001013412
 002013501
 002013502
 002013503
 002013504
 002013505
 002013506
 002013507
 002013508
 002013509
 001013510
 001013511
 001013512
 002013513
 002013514
 002013515
 002013516
 002013517
 002013518
 002013519
 002013520
 002013521
 001013522
 001013523
 002013524
 001013525
 001013526
 002013527
 001013528
 001013701
 003013702
 002013703
 002013704
 002013705
 002013706
 002013707
 002013708
 001013709
 002013710
 002013711
 002013713
 002013714
 002013715
 002013716
 001013801
 001013802
 002013803
 002013804
 002013805
 003013806
 001013807
 002013808
 001013809
 002013810
 002013811
 001013813
 001013814
 001013816
 002013817
 002013818
 002013819
 002013820
 001013821
 003013822
 001013823
 002013824
 001013826
 001013812
 003013825
 001014901
 001014902
 001014903
 002014906
 001014907
 002014908
 002014909
 001014910
 002014911
 001014912
 002014913
 002014914
 002014915
 001014916
 002014918
 002014919
 002014920
 002014921
 002014922
 002014923
 001014924
 002014925
 002014926
 001014927
 002014929
 001014930
 001014931
 001014933
 001014935
 002014936
 001014937
 001014938
 001014939
 002014940
 002014941
 001014942
 002014943
 001014944
 001014945
 001014947
 002014948
 002014949
 001014950
 002014951
 002014952
 001014954
 001014955
 002014956
 002014957
 001014958
 002014959
 001014960
 002014962
 001014965
 001014966
 001014967
 001014968
 001014969
 001014970
 001014971
 001014972
 001014973
 001014974
 001014975
 001014976
 001014977
 001014978
 001014979
 001014980
 002014982
 002014001
 001014002
 002014003
 002014004
 002014005
 002014006
 002014007
 002014008
 002014009
 002014010
 002014011
 001014012
 001014013
 001014014
 002014015
 001014016
 001014017
 001014018
 001014020
 001014021
 002014022
 003014023
 002014024
 002014025
 002014027
 001014028
 002014029
 001014030
 002014031
 002014032
 002014033
 002014034
 002014035
 002014036
 002014037
 002014038
 002014039
 002014040
 002014041
 001014042
 001014044
 002014045
 001014046
 002014048
 001014049
 002014050
 001014055
 001014056
 003014019
 001014051
 001014102
 001014103
 001014104
 001014107
 003014110
 002014111
 002014113
 002014114
 002014115
 002014117
 002014118
 002014119
 002014121
 002014122
 002014123
 002014125
 002014126
 001014127
 001014128
 002014129
 001014131
 002014133
 002014134
 001014135
 002014137
 001014138
 001014139
 002014141
 002014142
 003014143
 003014145
 003014147
 002014149
 002014151
 001014152
 001014155
 001014159
 002014163
 002014166
 002014167
 001014169
 003014171
 002014172
 002014173
 002014175
 002014176
 002014177
 002014179
 002014180
 002014181
 002014183
 002014185
 002014186
 001014188
 002014190
 001014191
 002014192
 002014193
 001014194
 002014197
 002014198
 002014199
 002014154
 002014153
 001014257
 002014261
 001014265
 001014220
 002014601
 002014602
 002014603
 002014605
 001014606
 003014607
 003014609
 002014610
 002014611
 002014612
 001014613
 002014615
 002014616
 002014617
 001014618
 002014619
 002014621
 001014622
 002014624
 002014628
 001014629
 002014630
 001014631
 002014632
 001014633
 002014634
 001014635
 002014637
 001014639
 003014641
 002014644
 001014645
 003014646
 001014648
 002014650
 001014653
 002014655
 003014658
 002014659
 002014660
 002014661
 001014662
 001014663
 002014664
 001014665
 002014666
 001014668
 001014669
 002014670
 002014671
 002014672
 002014674
 002014677
 002014678
 002014679
 001014680
 002014604
 001014623
 001014627
 002014636
 003014643
 001014676
 001014802
 001014803
 001014804
 001014806
 001014807
 001014808
 001014809
 002014810
 001014811
 002014812
 002014813
 002014814
 002014815
 002014816
 002014817
 002014818
 002014819
 002014820
 002014821
 002014822
 002014823
 002014824
 002014825
 002014826
 002014827
 002014828
 002014829
 002014830
 002014831
 001014832
 001014833
 002014834
 002014835
 002014836
 002014837
 002014838
 002014839
 001014840
 001014841
 002014842
 002014843
 002014844
 002014845
 002014846
 002014847
 002014848
 002014849
 002014850
 002014851
 002014852
 002014853
 002014854
 002014855
 002014856
 002014701
 002014703
 002014705
 002014708
 002014710
 002014712
 002014713
 002014715
 002014716
 002014718
 002014719
 002014721
 002014722
 002014725
 002014728
 002014730
 002014732
 002014733
 002014735
 002014737
 002014739
 002014740
 002014742
 002014743
 002014745
 002014746
 002014748
 002014752
 002040101
 002040102
 001040103
 002040105
 002040201
 001040202
 002040301
 003040302
 001040303
 002040321
 002041001
 001041002
 001015011
 002015012
 002015021
 002015022
 001015031
 002015032
 001015041
 001015042
 001015043
 001015044
 001015045
 001015051
 001015052
 002015053
 002015054
 001015061
 003015063
 001015072
 002015073
 002015081
 001015082
 002015091
 003015062
 004015071
 002015202
 001015203
 001015204
 003057001
 002057002
 001057003
 001057004
 002057005
 001057006
 001057010
 002064301
 001064302
 001064303
 002081601
 003081602
 001081603
 002080101
 001080102
 001080103
 001067101
 001071002
 001071003
 003015101
 002015102
 001015103
 001015104
 001015105
 001015106
 014004801
 014004805
 001004841
 001004842
 003052001
 002051401
 002051402
 003052101
 001052102
 003052103
 001052104
 001052105
 002023401
 001023402
 001023403
 001023404
 001023405
 003023101
 002023102
 002023103
 001023104
 001023105
 003023301
 002023302
 003023303
 001023304
 002023201
 003023202
 003023203
 001023205
 001023206
 002015301
 001015302
 001015303
 001015304
 001015305
 001042101
 001042102
 002042103
 002042301
 001042302
 001042303
 001033151
 002033101
 002015401
 003015402
 001015403
 001015404
 001051201
 001051202
 001051203
 002051301
 001051302
 001051303
 002015601
 001015602
 001064401
 003021601
 001021602
 002020101
 002020102
 003020103
 002020104
 001020105
 001020106
 001020107
 001020109
 003021501
 001021502
 002081001
 002081002
 001081003
 002043201
 002043202
 001043203
 001043204
 001043205
 001043206
 001043207
 002044301
 001044302
 001044303
 002081101
 001081102
 003044401
 002045001
 001045002
 001015901
 001015902
 001015903
 001091201
 001091202
 003055501
 001055502
 001055503
 001055001
 001055002
 001025901
 002025601
 002025602
 001025603
 001025604
 001025605
 001025606
 003025001
 001025801
 002016201
 001016202
 002025301
 001025302
 003016301
 001016302
 001016304
 001016305
 001044601
 002016501
 001016502
 001016503
 002052201
 002052202
 001052203
 001052301
 001065101
 002016601
 001016602
 001074101
 001074102
 001074302
 001075101
 001017401
 001017402
 001021001
 002021002
 002021003
 014007501
 014007503
 014007505
 014007507
 014007509
 014007511
 014007513
 014007515
 014007517
 002022101
 001022301
 001022302
 001022303
 001022304
 002023501
 001023502
 001023503
 001023505
 001023506
 001026001
 001026002
 003026201
 001026202
 001026203
 003024001
 003024002
 001024003
 003026101
 001026102
 001026103
 002026105
 001026106
 003025401
 001025402
 002025501
 002031301
 001031302
 003024501
 002025701
 002025702
 001025704
 001025706
 002025703
 002025705
 003025101
 002025102
 001025103
 001025104
 001025105
 003029001
 001029002
 003030101
 002030102
 003030103
 001030105
 001030106
 001030107
 001030108
 002030104
 002027501
 001027502
 014004102
 014004104
 014004106
 014004108
 014004110
 003027101
 001027102
 003027601
 001027602
 003027201
 001027202
 001027203
 001027302
 003027301
 003027401
 001027402
 001027701
 001027702
 001027703
 003031001
 001030201
 002030202
 001030203
 003030204
 001030205
 001031201
 001031202
 003031203
 002031204
 001031205
 001031206
 002007141
 002007142
 002007143
 002041101
 001041102
 001041151
 001030301
 014030302
 014030304
 014030306
 014005402
 014005201
 014005202
 014005204
 014005205
 014005206
 014005208
 014005210
 014005211
 014005212
 014005213
 014005214
 014005216
 014005218
 014005220
 014005222
 014005224
 014005226
 002033301
 002033302
 001033303
 001033304
 003032101
 001032001
 001033001
 002033201
 001033202
 001033252
 002033601
 001033602
 001033603
 002033501
 001033502
 001033503
 003035001
 001037001
 003070202
 002070203
 002070204
 002070205
 001070206
 001070207
 001070208
 001070209
 001070210
 001070211
 001070212
 001070213
 001070214
 004070201
 001040401
 002051001
 001051002
 001051003
 001051004
 001051005
 002050101
 001050102
 002040502
 001040505
 001040507
 001040508
 002040521
 004040501
 002040503
 002040504
 002040506
 003050301
 001040601
 001040602
 001040603
 001040604
 001040605
 001040606
 001040607
 003042201
 001043101
 001042001
 001042002
 002043001
 001043002
 002081201
 001081202
 001081203
 003044101
 001081401
 001081402
 002081301
 003044001
 003044201
 001044202
 001044203
 001083501
 002050901
 001050902
 001050903
 001051101
 002054101
 001054102
 001054103
 001054104
 001054105
 003054001
 001054002
 001054003
 001054004
 001054005
 002053001
 001053002
 002053101
 001057101
 002054201
 002054202
 001054203
 001054204
 001054205
 002055601
 001055602
 001055603
 001057401
 001057402
 001056504
 002091301
 001091302
 001091303
 001091304
 001091305
 001056405
 001056606
 001056108
 001056309
 001056011
 001056702
 001056703
 001056707
 002056201
 001056910
 001057301
 002093101
 001093102
 001093103
 001060101
 001060102
 001060103
 001062004
 001062005
 001062006
 001063001
 003063002
 001063004
 001063006
 001064002
 002061001
 003061002
 001061003
 001061004
 001061005
 001061006
 003061101
 001061102
 001061103
 002062102
 003075301
 001075302
 001074401
 002064201
 001064202
 001064203
 003064204
 001065501
 002065502
 002065503
 001065510
 001065511
 003066801
 001065001
 003065002
 001066701
 001067201
 002066601
 001066602
 001066603
 002092001
 014006401
 014006403
 014006405
 014006407
 014006409
 014006410
 014006411
 014006413
 002073101
 001073102
 003075601
 001075602
 003075201
 001075202
 001075501
 001075521
 001075551
 001075552
 001075553
 001075554
 001075555
 003075401
 001075402
 001075403
 002080501
 002080502
 001080503
 001080504
 001080506
 001080507
 001080508
 002081701
 001080401
 003080301
 001080302
 001080303
 001080304
 001080305
 001080306
 003080201
 001080202
 001080211
 002080821
 002080921
 001081501
 001081502
 001081503
 001081504
 001081505
 001081506
 002083001
 001083002
 001083003
 001081801
 002081802
 002082101
 002082102
 001082103
 002082201
 003082202
 001082203
 001082204
 001082205
 003083101
 001083102
 001083601
 001090102
 001090104
 001090105
 001090301
 001090201
 001091001
 001091002
 002093201
 001093202
 002093301
 001093302
 002093001
 003093002
 001093003
 001093004
 001093005
 001093006
 003093501
 001093502
 002093401
 001093402
 001093403
 014000101
 014000102
 014000103
 014000105
 014000107
 014000109
 014000111
 014000113
 014000115
 014000117
 014000119
 014000121
 014000123
 014000125
 014000127
 014000128
 014000129
 014000131
 014000133
 014000134
 014000135
 014000137
 014000139
 014000141
 014000143
 014000145
 014000147
 014000149
 014000151
 014000201
 014000202
 014000203
 014000205
 014000207
 014000208
 014000209
 014000211
 014000212
 014000213
 014000215
 014000217
 014000218
 014000219
 014000220
 014000221
 014000223
 014000225
 014000227
 014000229
 014000601
 014000602
 014000603
 014000604
 014000605
 014000606
 014000607
 014000608
 014000609
 014000610
 014000611
 014000612
 014000613
 014000614
 014000615
 014000616
 014000617
 014000618
 014000619
 014000620
 014000501
 014000502
 014000503
 014000504
 014000505
 014000507
 014000508
 014000509
 014000510
 014000512
 014000513
 014000514
 014000515
 014000516
 014000517
 014000518
 014000301
 014000302
 014000303
 014000305
 014000306
 014000307
 014000308
 014000309
 014000310
 014000312
 014000313
 014000314
 014001101
 014001103
 014001105
 014001106
 014001107
 014001109
 014001111
 014001113
 014001114
 014001115
 014001117
 014000901
 014000902
 014000903
 014000904
 014000906
 014000908
 014000910
 014000912
 014000914
 014000916
 014000402
 014000404
 014000406
 014000408
 014000410
 014000412
 014000414
 014000416
 014000418
 014000420
 014001001
 014001002
 014001003
 014001005
 014001007
 014001009
 014001011
 014000802
 014000804
 014000806
 014000808
 014000810
 014000812
 014000814
 014000816
 014000818
 014000820
 014000822
 014000824
 014000826
 014000828
 014000830
 014000832
 014000834
 014000835
 014000836
 014001201
 014001202
 014001204
 014001206
 014001207
 014001208
 014001210
 014001211
 014001212
 014001213
 014001214
 014001216
 014001217
 014001219
 014001220
 014001222
 014001223
 014001224
 014001225
 014001226
 014001228
 014001230
 014001231
 014001233
 014001234
 014001235
 014002501
 014002502
 014002504
 014002505
 014002506
 014002508
 014002510
 014002512
 014002513
 014002514
 014002515
 014002516
 014002517
 014002518
 014002519
 014002521
 014002522
 014002523
 014002524
 014002525
 014002527
 014002529
 014002530
 014002531
 014002532
 014002533
 014002534
 014002535
 014002537
 014002538
 014002539
 014002540
 014002541
 014002542
 014003701
 014003703
 014003705
 014003707
 014003709
 014003711
 014003721
 014003722
 014003723
 014003725
 014003726
 014003727
 014003728
 014002702
 014002704
 014002706
 014002708
 014002710
 014003001
 014003003
 014003005
 014003007
 014003009
 014003011
 014003013
 014003015
 014003017
 014003019
 014003021
 014003201
 014003202
 014003203
 014003204
 014003205
 014003206
 014003301
 014003302
 014003303
 014003304
 014003305
 014003306
 014003307
 014003308
 014003309
 014003310
 014003311
 014003312
 014003313
 014003314
 014003315
 014003316
 014003317
 014003318
 014003319
 014003320
 014003601
 014003603
 014003605
 014003607
 014003609
 014003611
 014003613
 014003615
 014003616
 014003401
 014003403
 014003405
 014003406
 014003407
 014003408
 014003901
 014003902
 014003904
 014003906
 014003908
 014003909
 014003910
 014004001
 014004002
 014004003
 014004004
 014004005
 014004006
 014004007
 014004009
 014004011
 014006701
 014006703
 014006705
 014006707
 014006709
 014006711
 014006713
 014006715
 014006716
 014006717
 014006718
 014006719
 014006721
 014006723
 014007701
 014007702
 014007703
 014007705
 014007707
 014007711
 014007712
 014007713
 014007715
 014007717
 014007719
 014004601
 014004603
 014004605
 014004606
 014004607
 067009201
 067009202
 067009204
 067009205
 067009206
 067008901
 067008902
 067008904
 067008905
 067008906
 067009901
 067009902
 067009904
 067009905
 067009906
 067009102
 067009104
 067009106
 067009108
 067009110
 014006301
 014006303
 014006305
 014006307
 014006309
 014005501
 014005503
 014005505
 014005507
 014005509
 014005511
 014005513
 014006502
 014006504
 014006506
 014006512
 014005302
 014005304
 014005306
 014005308
 014005309
 014005310
 014007002
 014007004
 014007006
 014007008
 014007010
 014007012
 014004202
 014004204
 014004206
 014004208
 014004302
 014004304
 014004306
 014004308
 014005701
 014005702
 014005704
 014005705
 014005706
 014005707
 014005708
 014005710
 014005711
 014005712
 014005713
 014005714
 014005715
 014005717
 014005718
 014006802
 014006804
 014006806
 014006808
 014004401
 014004402
 014004403
 014004404
 014004405
 014004406
 014004407
 014004408
 014004410
 014004411
 067009701
 067009702
 067009703
 067009704
 067009801
 067009803
 067009804
 067009805
 067009806
 067009301
 067009302
 067009303
 067009304
 067009306
 014005001
 014005002
 014005003
 014005004
 014005005
 014005006
 014005007
 014005008
 014005010
 014005011
 014005012
 014005013
 014005014
 014005015
 014005016
 014005018
 014005020
 014005022
 014005024
 067009002
 067009004
 067009006
 067009008
 067009010
 014004901
 014004903
 014004905
 014004907
 014004909
 014004911
 014004913
 014004915
 014004917
 014004919
 014004921
 014004923
 014007801
 014007803
 014007805
 014007807
 014007809
 014007811
 014007813
 014007815
 014007817
 014007819
 014007820
 014007821
 014007823
 014007825
 067009601
 067009603
 067009605
 067009607
 067009401
 067009403
 067009405
 067009407
 014008401
 014008403
 014008404
 014008405
 014008407
 014008409
 014008410
 014008411
 014008412
 014008413
 014006901
 014006903
 014006905
 014006907
 014006001
 014006003
 014006004
 014006005
 014006006
 014006007
 014006008
 014006009
 014006011
 014006013
 014006014
 014006016
 014006017
 014006018
 014005801
 014005803
 014005805
 014005807
 014005809
 014005811
 014005601
 014005603
 014005604
 014005605
 014005606
 067009501
 067009502
 067009503
 067009504
 014007601
 014007603
 014008102
 014008201
 014008203
 067030098
 067030099
 014030065
 014030067
 014030069
 014050011
 014050014
 014050021
 014050024
 014050032
 014050061
 017050013
